1100001001010000000000000000000000000000000101
110000110100000000000000000000001010101010101010
1100001001010000000000000000000000000000000001
110000110100000000000000000000001010101010101011
1100001001010000000000000000000000000000000111
110000110100000000000000000000001010101010101100
1100001001010000000000000000000000000000000110
110000110100000000000000000000001010101010101101
1100001001010000000000000000000000000000000100
110000110100000000000000000000001010101010101110
1100001001010000000000000000000000000000000000
110000110100000000000000000000001010101010101111
1100001001000100000000000000001010101010101010
1100001001001000000000000000000000000000000110
1100001001001100000000000000000000000000000001
100010100000110010
1110001000000000000000000000000011011010
11111111
110000100001110001
100000010001110011
11000010110100011100000000000000000000000000000000
110000100001010011
1000001001010100000000000000000000000000000001
1000101001010100000000000000000000000000000000
1110001000000000000000000000000011101100
110000100001110001
100000010001110101
11000010110110011100000000000000000000000000000000
100010100001100100
1110001000000000000000000000000011101100
1000000101010100000000000000000000000000000001
110000100001110001
100000010001110101
11000011110110011100000000000000000000000000000000
1000001001010100000000000000000000000000000010
1110000000000000000000000000000011011111
1000000101010100000000000000000000000000000001
110000100001110001
100000010001110101
11000011110100011100000000000000000000000000000000
1000000101001100000000000000000000000000000001
1110000000000000000000000000000011010111